1003019,101,1,0,0
1003019,1400103,2,0,0
1003019,1400104,3,0,0
1003019,1400105,4,0,0
1003019,1400106,5,0,0
1003019,1400201,6,0,0
1003019,1400202,7,0,0
1003019,1400203,8,0,0
1003019,1400301,9,0,0
1003019,1400401,10,0,0
1003019,1400402,11,0,0
1003019,1400403,12,0,0
1003019,1400404,13,0,0
1003019,1400405,14,0,0
1003019,1400406,15,0,0
1003019,1400407,16,0,0
1003019,1400408,17,0,0
1003019,1400409,18,0,0
1003019,1400501,19,0,0
1003019,1400502,20,0,0
1003019,1400503,21,0,0
1003019,1140503,22,0,0
1003019,1400504,23,0,0
1003019,1400505,24,0,0
1003019,1400506,25,0,0
1003019,1400507,26,0,0
1003019,1400508,27,0,0
1003019,1400509,28,0,0
1003019,1400600,29,0,0
1003019,1400601,30,0,0
1003019,1400602,31,0,0
1003019,1400701,32,0,0
1003019,1400702,33,0,0
1003019,1400703,34,0,0
1003019,1400704,35,0,0
1003019,1400801,36,0,0
1003019,1400802,37,0,0
1003019,1400803,38,0,0
1003019,1400804,39,0,0
1003019,1400805,40,0,0
1003019,1400806,41,0,0
1003019,1400807,42,0,0
1003019,1400808,43,0,0
1003019,1400809,44,0,0
1003019,1400810,45,0,0
1003019,1400811,46,0,0
1003019,1400901,47,0,0
1003019,1409011,48,0,0
1003019,1400902,49,0,0
1003019,1400903,50,0,0
1003019,1400904,51,0,0
1003019,1400905,52,0,0
1003019,1400906,53,0,0
1003019,1401001,54,0,0
1003019,1401002,55,0,0
1003019,1401003,56,0,0
1003019,1401004,57,1,1
1003029,1901004,1,0,0
1003029,1901003,2,0,0
1003029,1901002,3,0,0
1003029,1901001,4,0,0
1003029,1900906,5,0,0
1003029,1900905,6,0,0
1003029,1900904,7,0,0
1003029,1900903,8,0,0
1003029,1900902,9,0,0
1003029,1909011,10,0,0
1003029,1900901,11,0,0
1003029,1900811,12,0,0
1003029,1900810,13,0,0
1003029,1900809,14,0,0
1003029,1900808,15,0,0
1003029,1900807,16,0,0
1003029,1900806,17,0,0
1003029,1900805,18,0,0
1003029,1900804,19,0,0
1003029,1900803,20,0,0
1003029,1900802,21,0,0
1003029,1900801,22,0,0
1003029,1900704,23,0,0
1003029,1900703,24,0,0
1003029,1900702,25,0,0
1003029,1900701,26,0,0
1003029,1900602,27,0,0
1003029,1900601,28,0,0
1003029,1900600,29,0,0
1003029,1900509,30,0,0
1003029,1900508,31,0,0
1003029,1900507,32,0,0
1003029,1900506,33,0,0
1003029,1900505,34,0,0
1003029,1900504,35,0,0
1003029,1190503,36,0,0
1003029,1900503,37,0,0
1003029,1900502,38,0,0
1003029,1900501,39,0,0
1003029,1900409,40,0,0
1003029,1900408,41,0,0
1003029,1900407,42,0,0
1003029,1900406,43,0,0
1003029,1900405,44,0,0
1003029,1900404,45,0,0
1003029,1900403,46,0,0
1003029,1900402,47,0,0
1003029,1900401,48,0,0
1003029,1900301,49,0,0
1003029,1900203,50,0,0
1003029,1900202,51,0,0
1003029,1900201,52,0,0
1003029,1900106,53,0,0
1003029,1900105,54,0,0
1003029,1900104,55,0,0
1003029,1900102,56,0,0
1003029,101,57,1,1
